-0.000000000000000000e+00
1.410044431686401367e+00
8.045264244079589844e+00
5.791902065277099609e+00
3.205991029739379883e+00
9.875207901000976562e+00
9.822717666625976562e+00
9.286091804504394531e+00
7.419670581817626953e+00
1.071653556823730469e+01
1.098586845397949219e+01
9.783715248107910156e+00
1.066246795654296875e+01
1.041849040985107422e+01
9.794704437255859375e+00
9.684933662414550781e+00
1.063649272918701172e+01
9.123905181884765625e+00
9.203241348266601562e+00
9.911797523498535156e+00
1.073052215576171875e+01
8.986848831176757812e+00
8.386551856994628906e+00
1.036822891235351562e+01
1.043932437896728516e+01
1.100421810150146484e+01
1.066246795654296875e+01
1.080354690551757812e+01
7.084446907043457031e+00
8.357254981994628906e+00
1.070274257659912109e+01
9.828415870666503906e+00
1.041849040985107422e+01
1.073052215576171875e+01
1.130432224273681641e+01
1.021407794952392578e+01
1.091566467285156250e+01
1.070274257659912109e+01
1.070274257659912109e+01
1.022251701354980469e+01
7.880059719085693359e+00
8.574836730957031250e+00
9.259860038757324219e+00
9.276173591613769531e+00
5.979241371154785156e+00
6.985168933868408203e+00
8.257421493530273438e+00
8.821500778198242188e+00
8.131490707397460938e+00
9.253408432006835938e+00
7.690705299377441406e+00
7.694756507873535156e+00
1.015691947937011719e+01
1.008054637908935547e+01
1.010285282135009766e+01
1.019741153717041016e+01
1.041849040985107422e+01
9.599574089050292969e+00
1.075909519195556641e+01
1.106137561798095703e+01
7.851165294647216797e+00
7.055469989776611328e+00
1.071653556823730469e+01
1.100421810150146484e+01
1.078850936889648438e+01
1.132964038848876953e+01
1.049339199066162109e+01
9.132415771484375000e+00
1.088232803344726562e+01
9.756759643554687500e+00
3.435380160808563232e-01
1.029272174835205078e+01
9.887256622314453125e+00
4.350829124450683594e+00
5.696041584014892578e+00
2.269186735153198242e+00
8.435004234313964844e+00
4.554595947265625000e+00
1.036822891235351562e+01
8.256235122680664062e+00
1.100421810150146484e+01
8.189696311950683594e+00
1.057436084747314453e+01
8.710934638977050781e+00
7.363225936889648438e+00
1.036822891235351562e+01
4.752206802368164062e+00
8.772611618041992188e+00
6.520796775817871094e+00
4.212392807006835938e+00
2.145304203033447266e+00
9.101557731628417969e+00
9.767455101013183594e+00
1.034881114959716797e+01
1.067571353912353516e+01
1.108117866516113281e+01
8.989315032958984375e+00
3.779423713684082031e+00
6.643480777740478516e+00
7.497104167938232422e+00
6.237936973571777344e+00
7.702227115631103516e+00
9.822717666625976562e+00
9.292757987976074219e+00
1.024827003479003906e+01
8.444982528686523438e+00
7.364197731018066406e+00
1.031107044219970703e+01
1.031107044219970703e+01
3.424964427947998047e+00
3.671255111694335938e+00
7.753269195556640625e+00
7.265666484832763672e+00
4.608615875244140625e+00
4.496829509735107422e+00
6.899434089660644531e+00
9.715086936950683594e+00
7.764087677001953125e+00
5.485129833221435547e+00
6.362144470214843750e+00
5.990869998931884766e+00
9.969321250915527344e+00
6.894255161285400391e+00
8.269369125366210938e+00
5.859094619750976562e+00
9.899451255798339844e+00
9.899451255798339844e+00
9.899451255798339844e+00
1.093275833129882812e+01
9.496033668518066406e+00
1.032037258148193359e+01
1.013338947296142578e+01
1.019741153717041016e+01
4.910062789916992188e+00
9.330241203308105469e+00
9.224881172180175781e+00
1.210282993316650391e+01
1.297893524169921875e+00
2.294593572616577148e+00
3.946351528167724609e+00
6.008508205413818359e+00
6.333988189697265625e+00
8.074506759643554688e+00
7.173967361450195312e+00
8.122110366821289062e+00
4.470671176910400391e+00
6.553105354309082031e+00
3.346619844436645508e+00
8.146258354187011719e+00
1.046060180664062500e+01
1.093275833129882812e+01
8.385201454162597656e+00
8.936417579650878906e+00
9.034776687622070312e+00
9.794704437255859375e+00
9.725343704223632812e+00
2.088912248611450195e+00
9.512562751770019531e+00
4.592278003692626953e+00
5.813320636749267578e+00
5.283663272857666016e+00
7.194268226623535156e+00
2.903780937194824219e+00
3.787752866744995117e+00
1.081881427764892578e+01
1.120901203155517578e+01
6.924172401428222656e+00
8.522401809692382812e+00
4.627364635467529297e+00
5.395763874053955078e+00
5.827963352203369141e+00
8.259799957275390625e+00
6.796764850616455078e+00
8.274188995361328125e+00
9.650867462158203125e+00
7.058330059051513672e+00
9.789195060729980469e+00
1.320144176483154297e+01
8.745159149169921875e+00
5.916850090026855469e+00
1.043932437896728516e+01
8.868517875671386719e+00
8.587973594665527344e+00
5.540935516357421875e+00
9.613304138183593750e+00
9.655663490295410156e+00
4.494455337524414062e+00
1.057436084747314453e+01
5.236707210540771484e+00
7.213316440582275391e+00
7.709753513336181641e+00
7.789052486419677734e+00
1.002338886260986328e+01
7.881689548492431641e+00
1.014117145538330078e+01
9.074307441711425781e+00
1.037808132171630859e+01
1.047141265869140625e+01
9.432519912719726562e+00
7.636283397674560547e+00
9.358411788940429688e+00
1.110138130187988281e+01
1.110138130187988281e+01
5.470535278320312500e+00
5.878821849822998047e+00
9.546463966369628906e+00
5.472000122070312500e+00
6.158282279968261719e+00
1.095015048980712891e+01
1.029272174835205078e+01
1.029272174835205078e+01
1.041849040985107422e+01
1.080354690551757812e+01
1.063649272918701172e+01
7.937026500701904297e+00
9.299469947814941406e+00
8.487417221069335938e+00
9.316448211669921875e+00
7.217086315155029297e+00
7.537903308868408203e+00
1.050456523895263672e+01
9.982566833496093750e+00
1.064939594268798828e+01
1.083431816101074219e+01
3.356166601181030273e+00
5.120121955871582031e+00
1.430005455017089844e+01
6.354498863220214844e+00
7.855923175811767578e+00
9.881214141845703125e+00
8.836222648620605469e+00
7.433121204376220703e+00
1.360690689086914062e+01
1.043932437896728516e+01
8.081454277038574219e+00
1.046060180664062500e+01
1.048234176635742188e+01
8.656375885009765625e+00
4.059023857116699219e+00
7.560126304626464844e+00
4.986480712890625000e+00
6.962466716766357422e+00
1.033924102783203125e+01
1.025700283050537109e+01
1.032976245880126953e+01
5.685280799865722656e+00
6.674459457397460938e+00
1.053885459899902344e+01
7.421728134155273438e+00
8.703486442565917969e+00
9.173118591308593750e+00
7.091084003448486328e+00
8.259799957275390625e+00
8.147321701049804688e+00
1.075909519195556641e+01
9.182060241699218750e+00
9.455867767333984375e+00
6.782533645629882812e+00
8.815258026123046875e+00
1.110138130187988281e+01
1.066246795654296875e+01
1.077369403839111328e+01
9.413472175598144531e+00
9.376430511474609375e+00
1.046060180664062500e+01
1.024827003479003906e+01
9.463772773742675781e+00
1.051586532592773438e+01
1.058648204803466797e+01
4.608615875244140625e+00
8.967335700988769531e+00
1.025700283050537109e+01
8.412562370300292969e+00
1.068913650512695312e+01
4.471694469451904297e+00
4.475474834442138672e+00
6.251585960388183594e+00
7.334030151367187500e+00
8.051045417785644531e+00
8.635359764099121094e+00
5.390549182891845703e+00
5.390549182891845703e+00
6.356981754302978516e+00
6.333814620971679688e+00
6.357870101928710938e+00
6.983174324035644531e+00
9.256628990173339844e+00
6.710718631744384766e+00
9.009265899658203125e+00
9.911797523498535156e+00
1.008054637908935547e+01
1.023102760314941406e+01
8.375799179077148438e+00
1.048234176635742188e+01
8.827783584594726562e+00
1.013338947296142578e+01
1.096784973144531250e+01
9.881214141845703125e+00
8.888408660888671875e+00
9.660483360290527344e+00
8.370465278625488281e+00
8.972178459167480469e+00
1.005155944824218750e+01
1.033924102783203125e+01
1.033924102783203125e+01
1.091566467285156250e+01
9.259860038757324219e+00
1.051586532592773438e+01
1.053885459899902344e+01
1.095015048980712891e+01
1.018101692199707031e+01
9.525141716003417969e+00
9.269616127014160156e+00
9.330241203308105469e+00
6.967358589172363281e+00
7.126096248626708984e+00
8.418126106262207031e+00
9.107097625732421875e+00
1.080354690551757812e+01
9.863303184509277344e+00
8.011266708374023438e+00
8.459412574768066406e+00
9.918027877807617188e+00
7.550123214721679688e+00
9.595039367675781250e+00
5.036552429199218750e+00
9.112668991088867188e+00
1.080354690551757812e+01
9.568251609802246094e+00
9.372800827026367188e+00
8.583026885986328125e+00
7.012151718139648438e+00
8.083448410034179688e+00
9.608706474304199219e+00
8.722213745117187500e+00
1.146684074401855469e+01
6.197013854980468750e+00
6.210265159606933594e+00
1.095015048980712891e+01
7.298809051513671875e+00
8.293701171875000000e+00
1.019741153717041016e+01
1.085006713867187500e+01
9.471740722656250000e+00
1.068913650512695312e+01
1.068913650512695312e+01
7.986506462097167969e+00
9.206304550170898438e+00
1.112200069427490234e+01
1.138228416442871094e+01
4.621493339538574219e+00
6.858147621154785156e+00
8.199735641479492188e+00
9.347754478454589844e+00
8.235107421875000000e+00
9.982566833496093750e+00
9.857402801513671875e+00
9.857402801513671875e+00
8.078471183776855469e+00
8.078471183776855469e+00
4.849438190460205078e+00
6.519542694091796875e+00
6.960516929626464844e+00
1.075909519195556641e+01
8.606322288513183594e+00
5.445246696472167969e+00
1.091566467285156250e+01
1.070274257659912109e+01
1.012566757202148438e+01
9.613304138183593750e+00
6.313549518585205078e+00
9.161318778991699219e+00
9.432519912719726562e+00
9.924297332763671875e+00
9.800245285034179688e+00
8.439268112182617188e+00
7.035674095153808594e+00
9.641343116760253906e+00
9.063612937927246094e+00
7.644614219665527344e+00
1.015691947937011719e+01
1.089885711669921875e+01
1.091566467285156250e+01
1.023961162567138672e+01
8.522401809692382812e+00
8.964922904968261719e+00
9.572667121887207031e+00
1.003035736083984375e+01
9.266353607177734375e+00
1.008792686462402344e+01
1.074470615386962891e+01
1.077369403839111328e+01
6.701905727386474609e+00
6.948896408081054688e+00
9.361989974975585938e+00
9.568251609802246094e+00
8.296167373657226562e+00
8.221265792846679688e+00
8.228162765502929688e+00
1.071653556823730469e+01
8.851163864135742188e+00
9.479772567749023438e+00
9.811418533325195312e+00
8.938762664794921875e+00
8.986848831176757812e+00
1.063649272918701172e+01
6.266720294952392578e+00
8.135687828063964844e+00
1.091566467285156250e+01
1.044990730285644531e+01
9.899451255798339844e+00
1.008054637908935547e+01
9.949776649475097656e+00
1.062375354766845703e+01
3.459973812103271484e+00
3.550173044204711914e+00
1.049339199066162109e+01
1.030185413360595703e+01
1.007322120666503906e+01
6.957275390625000000e+00
1.011800479888916016e+01
9.834146499633789062e+00
9.590524673461914062e+00
8.084446907043457031e+00
6.428361892700195312e+00
7.020046234130859375e+00
9.118270874023437500e+00
9.893335342407226562e+00
9.344227790832519531e+00
7.262587547302246094e+00
9.762093544006347656e+00
1.320144176483154297e+01
8.422318458557128906e+00
8.574836730957031250e+00
1.063649272918701172e+01
1.204876232147216797e+01
1.056238460540771484e+01
1.051586532592773438e+01
5.336510181427001953e+00
5.518575668334960938e+00
1.130432224273681641e+01
8.553851127624511719e+00
9.333719253540039062e+00
8.549070358276367188e+00
9.767455101013183594e+00
1.085006713867187500e+01
1.016488838195800781e+01
1.020571041107177734e+01
9.132415771484375000e+00
9.126733779907226562e+00
9.129570960998535156e+00
1.014117145538330078e+01
inf
1.005155944824218750e+01
9.924297332763671875e+00
8.633627891540527344e+00
1.102291011810302734e+01
1.057436084747314453e+01
1.338376426696777344e+01
8.131490707397460938e+00
1.075909519195556641e+01
9.608706474304199219e+00
inf
9.011787414550781250e+00
9.185059547424316406e+00
1.070274257659912109e+01
1.021407794952392578e+01
1.027470302581787109e+01
1.085006713867187500e+01
9.641343116760253906e+00
9.641343116760253906e+00
1.100421810150146484e+01
4.709772109985351562e+00
4.710593223571777344e+00
5.896926403045654297e+00
7.593803405761718750e+00
7.496549129486083984e+00
9.266353607177734375e+00
7.514466762542724609e+00
1.033924102783203125e+01
7.025921344757080078e+00
6.903412342071533203e+00
8.541152954101562500e+00
8.155868530273437500e+00
9.604129791259765625e+00
7.637560367584228516e+00
1.013338947296142578e+01
6.590073585510253906e+00
1.123200130462646484e+01
1.125553226470947266e+01
1.005155944824218750e+01
1.173510551452636719e+01
1.173510551452636719e+01
1.086606693267822266e+01
9.930606842041015625e+00
8.437845230102539062e+00
8.694252014160156250e+00
8.696092605590820312e+00
8.281461715698242188e+00
8.989315032958984375e+00
1.173510551452636719e+01
7.148961067199707031e+00
7.736198902130126953e+00
1.110138130187988281e+01
1.043932437896728516e+01
1.100421810150146484e+01
1.052729320526123047e+01
8.093478202819824219e+00
8.201980590820312500e+00
8.679654121398925781e+00
1.057436084747314453e+01
7.724978446960449219e+00
8.999239921569824219e+00
8.394692420959472656e+00
9.042559623718261719e+00
1.053885459899902344e+01
1.057436084747314453e+01
1.057436084747314453e+01
5.202099323272705078e+00
6.602478981018066406e+00
1.005872821807861328e+01
8.972178459167480469e+00
9.037364006042480469e+00
1.002338886260986328e+01
9.455867767333984375e+00
1.089885711669921875e+01
1.070274257659912109e+01
5.705530166625976562e+00
8.073517799377441406e+00
9.881214141845703125e+00
7.761914730072021484e+00
1.062375354766845703e+01
9.448023796081542969e+00
6.268506526947021484e+00
9.354846954345703125e+00
6.692424774169921875e+00
6.962791919708251953e+00
7.897308349609375000e+00
9.209376335144042969e+00
8.133586883544921875e+00
1.140968322753906250e+01
8.962516784667968750e+00
1.185770702362060547e+01
1.006594848632812500e+01
1.051586532592773438e+01
1.235414409637451172e+01
7.107872486114501953e+00
8.263377189636230469e+00
7.939616203308105469e+00
8.494919776916503906e+00
1.078850936889648438e+01
1.096784973144531250e+01
1.055055046081542969e+01
9.011787414550781250e+00
9.675081253051757812e+00
6.863142490386962891e+00
8.589627265930175781e+00
9.805815696716308594e+00
1.108117866516113281e+01
6.279619693756103516e+00
7.104866981506347656e+00
4.301461219787597656e+00
6.663784980773925781e+00
7.887415409088134766e+00
7.012151718139648438e+00
1.004444217681884766e+01
7.681315422058105469e+00
5.352443695068359375e+00
9.372800827026367188e+00
8.083448410034179688e+00
9.090568542480468750e+00
1.008792686462402344e+01
1.023102760314941406e+01
1.095015048980712891e+01
1.062375354766845703e+01
9.250198364257812500e+00
8.888408660888671875e+00
7.070578098297119141e+00
6.545358657836914062e+00
1.014117145538330078e+01
1.004444217681884766e+01
1.102291011810302734e+01
6.070410251617431641e+00
6.625205039978027344e+00
7.118082523345947266e+00
8.737451553344726562e+00
1.050456523895263672e+01
6.883676052093505859e+00
1.029272174835205078e+01
1.108117866516113281e+01
1.035847282409667969e+01
1.038803195953369141e+01
8.568332672119140625e+00
9.604129791259765625e+00
1.000276947021484375e+01
1.071653556823730469e+01
6.868754863739013672e+00
7.336391448974609375e+00
9.715086936950683594e+00
1.074470615386962891e+01
8.724105834960937500e+00
1.095015048980712891e+01
9.479772567749023438e+00
1.083431816101074219e+01
1.073052215576171875e+01
8.868517875671386719e+00
1.061117553710937500e+01
9.869237899780273438e+00
6.882473945617675781e+00
9.608706474304199219e+00
8.553851127624511719e+00
9.899451255798339844e+00
1.056238460540771484e+01
5.401894092559814453e+00
6.971617221832275391e+00
9.679995536804199219e+00
1.001646804809570312e+01
7.026268005371093750e+00
1.108117866516113281e+01
1.049339199066162109e+01
9.956249237060546875e+00
1.102291011810302734e+01
7.903124809265136719e+00
8.447852134704589844e+00
7.703591346740722656e+00
8.945829391479492188e+00
8.846872329711914062e+00
9.675081253051757812e+00
9.869237899780273438e+00
1.014901447296142578e+01
8.994265556335449219e+00
1.110138130187988281e+01
1.013338947296142578e+01
1.132964038848876953e+01
8.897377014160156250e+00
1.030185413360595703e+01
1.091566467285156250e+01
1.096784973144531250e+01
9.533616065979003906e+00
1.430005455017089844e+01
8.659921646118164062e+00
8.251501083374023438e+00
8.811117172241210938e+00
8.811117172241210938e+00
1.004444217681884766e+01
1.006594848632812500e+01
7.459507942199707031e+00
1.032037258148193359e+01
7.569633483886718750e+00
1.053885459899902344e+01
1.063649272918701172e+01
9.296108245849609375e+00
9.326774597167968750e+00
1.025700283050537109e+01
1.089885711669921875e+01
8.938762664794921875e+00
9.152560234069824219e+00
7.646546363830566406e+00
9.039958000183105469e+00
1.085006713867187500e+01
1.063649272918701172e+01
9.542162895202636719e+00
9.857402801513671875e+00
9.857402801513671875e+00
1.043932437896728516e+01
1.279597759246826172e+01
7.694756507873535156e+00
8.936417579650878906e+00
8.035704612731933594e+00
7.646546363830566406e+00
7.649128913879394531e+00
8.819416046142578125e+00
9.079698562622070312e+00
1.089885711669921875e+01
8.672433853149414062e+00
8.979486465454101562e+00
1.000276947021484375e+01
1.018101692199707031e+01
7.834687709808349609e+00
9.436373710632324219e+00
7.658219814300537109e+00
7.741856575012207031e+00
1.018101692199707031e+01
5.977053165435791016e+00
7.796514987945556641e+00
8.253865242004394531e+00
9.529370307922363281e+00
1.013338947296142578e+01
1.062375354766845703e+01
1.125553226470947266e+01
1.034881114959716797e+01
1.046060180664062500e+01
7.566057682037353516e+00
7.597480297088623047e+00
8.520854949951171875e+00
8.692416191101074219e+00
1.088232803344726562e+01
9.491943359375000000e+00
1.086606693267822266e+01
6.442767143249511719e+00
1.043932437896728516e+01
1.043932437896728516e+01
7.419670581817626953e+00
9.467748641967773438e+00
8.144135475158691406e+00
inf
8.699782371520996094e+00
6.709960460662841797e+00
7.142319202423095703e+00
8.952946662902832031e+00
8.756832122802734375e+00
1.035847282409667969e+01
1.088232803344726562e+01
1.026581382751464844e+01
9.096047401428222656e+00
1.078850936889648438e+01
9.604129791259765625e+00
1.046060180664062500e+01
1.086606693267822266e+01
9.789195060729980469e+00
1.083431816101074219e+01
1.046060180664062500e+01
1.169736480712890625e+01
1.185770702362060547e+01
7.860703945159912109e+00
7.962344169616699219e+00
8.699782371520996094e+00
1.003035736083984375e+01
1.063649272918701172e+01
9.590524673461914062e+00
9.893335342407226562e+00
1.093275833129882812e+01
6.442767143249511719e+00
7.781644821166992188e+00
7.809330940246582031e+00
8.062706947326660156e+00
9.839910507202148438e+00
1.037808132171630859e+01
8.694252014160156250e+00
8.849016189575195312e+00
1.017292022705078125e+01
1.017292022705078125e+01
1.085006713867187500e+01
6.752289295196533203e+00
7.070215702056884766e+00
9.512562751770019531e+00
9.358411788940429688e+00
1.162590599060058594e+01
8.630173683166503906e+00
8.879519462585449219e+00
1.006594848632812500e+01
9.646094322204589844e+00
1.013338947296142578e+01
1.086606693267822266e+01
1.078850936889648438e+01
8.227009773254394531e+00
7.278524398803710938e+00
7.772828102111816406e+00
1.048234176635742188e+01
1.068913650512695312e+01
8.344217300415039062e+00
9.286091804504394531e+00
8.859803199768066406e+00
9.794704437255859375e+00
8.370465278625488281e+00
8.815258026123046875e+00
9.467748641967773438e+00
9.358411788940429688e+00
9.794704437255859375e+00
1.014117145538330078e+01
1.075909519195556641e+01
1.017292022705078125e+01
4.988738059997558594e+00
8.511624336242675781e+00
6.709455013275146484e+00
9.491943359375000000e+00
8.354634284973144531e+00
1.017292022705078125e+01
7.841716289520263672e+00
1.052729320526123047e+01
8.253865242004394531e+00
9.646094322204589844e+00
9.263101577758789062e+00
8.386551856994628906e+00
9.330241203308105469e+00
1.086606693267822266e+01
8.817334175109863281e+00
5.494529247283935547e+00
6.911108493804931641e+00
9.665325164794921875e+00
9.740928649902343750e+00
9.581555366516113281e+00
1.215998840332031250e+01
8.426528930664062500e+00
8.366483688354492188e+00
9.391082763671875000e+00
1.123200130462646484e+01
1.100421810150146484e+01
9.071622848510742188e+00
9.126733779907226562e+00
1.138228416442871094e+01
7.008398532867431641e+00
7.013178348541259766e+00
8.411176681518554688e+00
9.811418533325195312e+00
1.078850936889648438e+01
1.075909519195556641e+01
1.028367137908935547e+01
9.104323387145996094e+00
9.143877029418945312e+00
1.026581382751464844e+01
1.067571353912353516e+01
8.437845230102539062e+00
8.670636177062988281e+00
8.679654121398925781e+00
8.906427383422851562e+00
1.035847282409667969e+01
1.078850936889648438e+01
1.016488838195800781e+01
8.207613945007324219e+00
9.259860038757324219e+00
8.881733894348144531e+00
1.081881427764892578e+01
1.050456523895263672e+01
1.018101692199707031e+01
1.067571353912353516e+01
9.107097625732421875e+00
1.024827003479003906e+01
8.083448410034179688e+00
1.056238460540771484e+01
1.499320125579833984e+01
7.803279399871826172e+00
8.463783264160156250e+00
8.545895576477050781e+00
9.286091804504394531e+00
1.016488838195800781e+01
1.062375354766845703e+01
4.947130203247070312e+00
8.181957244873046875e+00
9.060956954956054688e+00
8.875104904174804688e+00
8.088451385498046875e+00
8.244441986083984375e+00
1.086606693267822266e+01
9.463772773742675781e+00
1.031107044219970703e+01
1.112200069427490234e+01
1.108117866516113281e+01
1.078850936889648438e+01
1.096784973144531250e+01
9.622563362121582031e+00
9.631909370422363281e+00
1.003035736083984375e+01
1.080354690551757812e+01
7.214990139007568359e+00
7.245604991912841797e+00
9.496033668518066406e+00
1.098586845397949219e+01
1.017292022705078125e+01
7.253407478332519531e+00
8.189696311950683594e+00
8.440693855285644531e+00
8.707203865051269531e+00
1.030185413360595703e+01
1.085006713867187500e+01
9.093304634094238281e+00
9.772846221923828125e+00
9.800245285034179688e+00
7.806300640106201172e+00
9.463772773742675781e+00
1.100421810150146484e+01
8.017787933349609375e+00
9.068945884704589844e+00
9.068945884704589844e+00
1.057436084747314453e+01
1.056238460540771484e+01
9.520931243896484375e+00
9.520931243896484375e+00
6.932661533355712891e+00
1.032037258148193359e+01
7.030786037445068359e+00
7.030786037445068359e+00
7.901459693908691406e+00
9.508404731750488281e+00
9.306226730346679688e+00
9.149657249450683594e+00
9.405953407287597656e+00
1.022251701354980469e+01
1.035847282409667969e+01
8.137792587280273438e+00
8.239764213562011719e+00
1.100421810150146484e+01
1.059875297546386719e+01
9.001737594604492188e+00
6.565714359283447266e+00
8.758790969848632812e+00
1.041849040985107422e+01
8.444982528686523438e+00
9.982566833496093750e+00
9.887256622314453125e+00
9.893335342407226562e+00
8.235107421875000000e+00
1.063649272918701172e+01
1.089885711669921875e+01
8.510094642639160156e+00
8.756832122802734375e+00
1.014901447296142578e+01
7.590750217437744141e+00
1.018101692199707031e+01
1.031107044219970703e+01
1.056238460540771484e+01
1.056238460540771484e+01
9.735706329345703125e+00
1.108117866516113281e+01
6.287539005279541016e+00
7.586491107940673828e+00
9.599574089050292969e+00
1.032037258148193359e+01
1.051586532592773438e+01
1.052729320526123047e+01
1.074470615386962891e+01
1.095015048980712891e+01
1.018918037414550781e+01
9.845706939697265625e+00
8.561870574951171875e+00
1.291376018524169922e+01
8.185266494750976562e+00
1.005872821807861328e+01
9.112668991088867188e+00
9.887256622314453125e+00
1.204876232147216797e+01
1.093275833129882812e+01
8.776596069335937500e+00
1.093275833129882812e+01
8.952946662902832031e+00
1.066246795654296875e+01
1.071653556823730469e+01
1.199746990203857422e+01
1.022251701354980469e+01
1.063649272918701172e+01
1.043932437896728516e+01
7.389303684234619141e+00
1.066246795654296875e+01
1.039808177947998047e+01
1.102291011810302734e+01
1.051586532592773438e+01
8.056859016418457031e+00
8.059778213500976562e+00
1.194867897033691406e+01
1.033924102783203125e+01
1.033924102783203125e+01
8.059778213500976562e+00
9.881214141845703125e+00
1.022251701354980469e+01
8.601284980773925781e+00
1.001646804809570312e+01
9.529370307922363281e+00
1.077369403839111328e+01
1.027470302581787109e+01
9.789195060729980469e+00
8.397420883178710938e+00
8.397420883178710938e+00
8.398788452148437500e+00
inf
9.627225875854492188e+00
9.751454353332519531e+00
9.096047401428222656e+00
1.068913650512695312e+01
9.323320388793945312e+00
9.337209701538085938e+00
1.104195785522460938e+01
8.672433853149414062e+00
1.106137561798095703e+01
8.778594017028808594e+00
9.306226730346679688e+00
1.235414409637451172e+01
1.025700283050537109e+01
1.025700283050537109e+01
1.127962970733642578e+01
1.127962970733642578e+01
1.159200477600097656e+01
1.055055046081542969e+01
7.327917098999023438e+00
1.064939594268798828e+01
7.365657329559326172e+00
7.903124809265136719e+00
1.053885459899902344e+01
1.018101692199707031e+01
8.505517959594726562e+00
1.040823459625244141e+01
9.949776649475097656e+00
1.050456523895263672e+01
9.240629196166992188e+00
9.383729934692382812e+00
1.132964038848876953e+01
9.263101577758789062e+00
8.253865242004394531e+00
8.358568191528320312e+00
1.056238460540771484e+01
1.061117553710937500e+01
7.583459854125976562e+00
1.190215969085693359e+01
8.023410797119140625e+00
8.676036834716796875e+00
1.056238460540771484e+01
1.064939594268798828e+01
8.369136810302734375e+00
8.374463081359863281e+00
1.040823459625244141e+01
9.440241813659667969e+00
1.085006713867187500e+01
9.451938629150390625e+00
9.746177673339843750e+00
1.081881427764892578e+01
1.007322120666503906e+01
4.797940254211425781e+00
6.911726474761962891e+00
8.173185348510742188e+00
1.030185413360595703e+01
1.034881114959716797e+01
1.052729320526123047e+01
9.405953407287597656e+00
8.729803085327148438e+00
8.171004295349121094e+00
9.704935073852539062e+00
1.155921459197998047e+01
7.728471755981445312e+00
9.161318778991699219e+00
8.699782371520996094e+00
9.949776649475097656e+00
1.053885459899902344e+01
1.057436084747314453e+01
1.052729320526123047e+01
9.055665969848632812e+00
9.282774925231933594e+00
1.052729320526123047e+01
5.224160194396972656e+00
5.886667728424072266e+00
8.851163864135742188e+00
8.851163864135742188e+00
5.949034214019775391e+00
9.182060241699218750e+00
9.182060241699218750e+00
7.450458049774169922e+00
7.663452148437500000e+00
9.617923736572265625e+00
1.051586532592773438e+01
1.003035736083984375e+01
7.697466850280761719e+00
8.389257431030273438e+00
8.391971588134765625e+00
9.586030006408691406e+00
9.590524673461914062e+00
9.436373710632324219e+00
9.740928649902343750e+00
1.019741153717041016e+01
1.019741153717041016e+01
8.481456756591796875e+00
9.720202445983886719e+00
9.943346023559570312e+00
1.077369403839111328e+01
1.077369403839111328e+01
8.225858688354492188e+00
1.019741153717041016e+01
9.699896812438964844e+00
9.936955451965332031e+00
1.062375354766845703e+01
1.067571353912353516e+01
9.542162895202636719e+00
9.542162895202636719e+00
